0 13193 1
1 14400 1
1 13666 1
1 1158 1
1 16276 1
1 16277 1
1 4247 1
1 248 1
1 14228 1
1 14270 1
2 10947 1
3 12388 1
3 6887 1
3 15977 1
3 22794 1
3 11891 1
3 88 1
3 5892 1
3 6234 1
4 15289 1
4 13827 1
4 14207 1
5 14005 1
5 14039 1
6 23386 1
6 12 1
6 23562 1
6 18559 1
7 12929 1
7 2146 1
7 132 1
7 8229 1
7 10 1
7 130 1
7 12146 1
7 5943 1
7 12388 1
8 4160 1
8 11658 1
8 11405 1
8 5845 1
9 11890 1
10 20496 1
10 22054 1
10 12361 1
10 426 1
10 21806 1
10 21936 1
10 23224 1
10 956 1
11 13921 1
11 11874 1
11 13861 1
11 15014 1
11 13479 1
11 13741 1
11 16034 1
11 13592 1
11 14490 1
11 5922 1
11 16154 1
12 6051 1
12 21015 1
12 11402 1
12 1850 1
12 5532 1
12 22266 1
12 5070 1
13 13410 1
13 15267 1
13 21636 1
13 12137 1
13 17611 1
13 14352 1
13 19539 1
13 604 1
13 14334 1
14 14437 1
14 6166 1
15 22065 1
15 3006 1
15 5961 1
15 6043 1
15 18220 1
15 9214 1
16 16067 1
16 15284 1
16 21032 1
16 6233 1
16 22794 1
16 19258 1
17 4088 1
17 15065 1
17 13279 1
17 13999 1
17 21201 1
18 11889 1
18 11914 1
19 13538 1
19 16067 1
19 22794 1
19 14859 1
19 20241 1
19 115 1
19 23511 1
19 9914 1
19 17211 1
20 22977 1
20 23362 1
20 21943 1
20 6743 1
20 21977 1
20 19083 1
21 21632 1
21 13666 1
21 14307 1
21 2052 1
21 16197 1
21 1158 1
21 14806 1
21 13783 1
21 13388 1
21 13747 1
21 4245 1
21 4758 1
21 4759 1
21 12120 1
22 20216 1
22 9214 1
22 7898 1
22 18469 1
22 510 1
23 5890 1
23 15045 1
23 19458 1
23 11982 1
23 13071 1
23 15121 1
23 6104 1
23 230 1
23 14630 1
23 13671 1
23 14694 1
23 19497 1
23 109 1
23 20014 1
23 616 1
23 4658 1
23 13645 1
24 20608 1
24 1120 1
24 1988 1
24 2150 1
24 11916 1
24 13 1
24 11917 1
24 12467 1
24 25 1
24 16068 1
24 26 1
24 14575 1
24 572 1
24 100 1
25 1541 1
26 20513 1
26 9331 1
26 7717 1
26 10424 1
26 88 1
26 14859 1
27 19524 1
27 11845 1
27 15193 1
27 7530 1
27 8142 1
27 15215 1
28 9606 1
28 22425 1
28 298 1
28 245 1
28 8030 1
29 708 1
29 711 1
29 906 1
29 21260 1
29 19736 1
29 19737 1
29 22620 1
29 22238 1
29 10659 1
29 807 1
29 22535 1
29 20270 1
29 3261 1
29 4593 1
29 3828 1
29 9081 1
29 3258 1
29 10033 1
29 11274 1
30 8608 1
30 3010 1
30 21124 1
30 1805 1
30 5006 1
30 21460 1
30 15812 1
30 3803 1
30 3872 1
30 20705 1
30 18340 1
30 22697 1
30 12010 1
30 15790 1
30 18992 1
30 5363 1
30 16212 1
30 2042 1
30 383 1
31 11108 1
31 11078 1
32 16283 1
33 13872 1
33 14625 1
33 13804 1
33 13950 1
34 18601 1
34 3534 1
34 23503 1
34 10225 1
34 12052 1
34 15705 1
34 10170 1
34 6012 1
35 6370 1
35 22057 1
35 1646 1
35 22064 1
35 22065 1
35 8883 1
35 22004 1
35 18766 1
35 639 1
35 92 1
35 510 1
35 8501 1
36 10874 1
37 12905 1
37 16252 1
37 12205 1
38 3902 1
39 20523 1
39 10885 1
39 16297 1
39 19947 1
39 21645 1
39 19633 1
39 12216 1
39 11805 1
39 23550 1
40 17696 1
40 10625 1
40 20322 1
40 20579 1
40 6087 1
40 20648 1
40 21674 1
40 12203 1
40 20306 1
40 12371 1
40 18977 1
40 799 1
40 12179 1
40 3230 1
40 18389 1
41 6370 1
41 22057 1
41 1645 1
41 1646 1
41 21583 1
41 22064 1
41 22065 1
41 8883 1
41 8501 1
41 510 1
41 16123 1
41 17533 1
41 9214 1
42 22720 1
42 94 1
43 23313 1
43 2423 1
43 10633 1
43 17098 1
43 16444 1
43 21967 1
44 1134 1
45 5928 1
45 23449 1
45 19774 1
46 7951 1
47 5892 1
47 23414 1
47 16263 1
47 20552 1
47 5962 1
47 217 1
47 22075 1
47 19178 1
47 12210 1
47 22070 1
47 56 1
47 8767 1
47 58 1
47 22203 1
47 18814 1
47 18815 1
48 306 1
48 20515 1
48 118 1
48 6887 1
48 17788 1
48 7148 1
48 16126 1
49 14915 1
49 70 1
49 7014 1
49 16189 1
49 5559 1
49 22767 1
49 14352 1
49 291 1
49 14426 1
49 14071 1
49 20307 1
49 19132 1
49 18941 1
50 6593 1
50 6918 1
50 15913 1
50 22955 1
50 15855 1
50 721 1
50 2226 1
50 3635 1
50 20405 1
50 18841 1
50 15903 1
51 6784 1
51 4611 1
51 11204 1
51 4951 1
51 3601 1
51 18514 1
51 3603 1
51 3604 1
51 2711 1
51 6360 1
51 3602 1
51 20718 1
51 5558 1
51 1080 1
51 6588 1
51 1277 1
52 8608 1
52 3010 1
52 21124 1
52 1805 1
52 5006 1
52 21460 1
52 15812 1
52 3803 1
52 3872 1
52 20705 1
52 22697 1
52 12010 1
52 15790 1
52 18992 1
52 5363 1
52 2042 1
52 383 1
53 324 1
54 23408 1
54 12730 1
54 16645 1
55 19648 1
55 19457 1
55 14915 1
55 1029 1
55 11911 1
55 16146 1
55 21635 1
55 9750 1
55 19543 1
55 19544 1
55 8155 1
55 19552 1
55 3813 1
55 10798 1
55 10938 1
55 10684 1
55 10877 1
55 62 1
56 23200 1
56 22434 1
56 6884 1
56 3658 1
56 9971 1
56 21301 1
56 23511 1
56 9914 1
56 23226 1
57 19457 1
57 3813 1
57 19350 1
57 4663 1
57 16300 1
57 6703 1
58 100 1
58 262 1
58 1158 1
58 9607 1
58 9606 1
58 298 1
58 13 1
58 25 1
58 26 1
58 21403 1
58 572 1
58 573 1
59 11873 1
59 16123 1
59 14005 1
59 15326 1
59 14039 1
60 304 1
60 144 1
60 4083 1
60 182 1
60 13447 1
61 16096 1
61 21633 1
61 12388 1
61 17761 1
61 22794 1
61 23414 1
61 12929 1
61 6238 1
62 14969 1
63 11112 1
63 8376 1
63 11123 1
63 4053 1
64 2512 1
64 13073 1
64 184 1
64 23562 1
64 12 1
64 18559 1
65 5059 1
65 5060 1
65 5 1
65 9801 1
65 12301 1
65 12302 1
65 6800 1
65 23249 1
65 18787 1
65 7950 1
65 23198 1
65 23075 1
65 808 1
65 3628 1
65 7025 1
65 9299 1
65 10638 1
65 23351 1
65 22077 1
66 23386 1
66 11891 1
66 11890 1
67 11121 1
67 11074 1
67 22361 1
68 5961 1
68 18766 1
68 22295 1
68 5530 1
68 6043 1
68 22057 1
68 1645 1
68 22064 1
68 22065 1
68 8883 1
68 22004 1
68 9214 1
68 8502 1
68 20151 1
68 23480 1
68 17533 1
68 3006 1
68 8501 1
69 20558 1
69 9298 1
69 23444 1
69 11223 1
69 23193 1
69 9007 1
69 18362 1
69 5529 1
69 1388 1
69 22319 1
69 23153 1
69 10035 1
69 377 1
69 1146 1
69 22331 1
69 10815 1
70 22400 1
70 1473 1
70 9123 1
70 17477 1
70 17478 1
70 9800 1
70 7920 1
70 10068 1
70 9077 1
70 7002 1
71 4996 1
71 4869 1
71 4998 1
71 4999 1
71 5000 1
71 5001 1
71 401 1
71 17812 1
71 731 1
71 4997 1
71 17956 1
71 4870 1
71 423 1
71 425 1
71 2346 1
71 4871 1
71 4872 1
71 22844 1
72 18963 1
72 18979 1
72 3980 1
72 9437 1
73 9005 1
74 5932 1
74 19147 1
74 16300 1
75 22817 1
75 6595 1
75 8948 1
75 12389 1
75 19128 1
75 7982 1
75 11317 1
76 11812 1
76 2821 1
76 8333 1
76 8911 1
76 11825 1
76 23122 1
76 23127 1
76 31 1
76 8828 1
76 19773 1
76 7807 1
77 213 1
77 8030 1
77 13381 1
77 5927 1
77 8 1
77 18316 1
77 23275 1
77 23276 1
77 20053 1
77 1487 1
77 82 1
77 1982 1
77 7194 1
77 15134 1
77 8229 1
78 639 1
79 20536 1
79 8961 1
79 20539 1
79 20500 1
79 10700 1
80 11073 1
80 4291 1
80 9028 1
80 13761 1
80 12360 1
80 330 1
80 3275 1
80 27 1
80 5212 1
80 9774 1
80 9714 1
80 9715 1
80 9716 1
80 9717 1
80 9718 1
80 3775 1
81 16273 1
81 16260 1
81 8260 1
81 19926 1
81 8252 1
82 10394 1
83 23386 1
83 23562 1
84 21632 1
84 14146 1
84 2052 1
84 16197 1
84 141 1
84 14799 1
84 4245 1
84 12120 1
84 15295 1
85 993 1
85 8037 1
85 17576 1
85 21145 1
85 22554 1
85 18712 1
85 991 1
86 9606 1
86 9607 1
86 5896 1
86 15138 1
86 1168 1
86 658 1
86 14228 1
86 13599 1
86 16096 1
86 8034 1
86 298 1
86 23278 1
86 23279 1
86 6260 1
86 7157 1
86 121 1
87 22064 1
87 6370 1
87 197 1
87 6973 1
87 16272 1
87 7898 1
87 9307 1
87 17533 1
87 6437 1
88 120 1
88 18424 1
88 12506 1
88 12500 1
88 12495 1
89 19337 1
89 2651 1
89 13403 1
89 7581 1
89 7630 1
90 22197 1
90 21669 1
91 14279 1
91 14929 1
91 5875 1
91 5876 1
91 13790 1
91 15096 1
91 13340 1
91 15070 1
91 7637 1
92 8260 1
93 15614 1
93 3634 1
93 15636 1
93 15877 1
93 21016 1
93 15790 1
94 912 1
94 23166 1
94 12030 1
94 9967 1
95 14754 1
95 6243 1
95 4313 1
95 11818 1
95 5068 1
95 20765 1
95 10078 1
96 13185 1
96 2818 1
96 2820 1
96 13445 1
96 14182 1
96 5927 1
96 14257 1
96 21 1
96 13305 1
96 12411 1
97 4937 1
97 11890 1
97 18831 1
98 67 1
98 2492 1
98 2469 1
98 15087 1
99 130 1
99 17525 1
99 16153 1